       0   0   0   0   0   0   0   0   0   0   0   0   0   0   0   0   0   0   0   0   0   0   0   0   0   0   0   0   0   0   0   0   0   0   0   0   0   0   0   0   0   0   0   0   0   0   0   0   0   0   0   0   0   0   0   0
       0   0   0   0   0   0   0   0   0   0   0   0   0   0   0   0   0   0   0   0   0   0   0   0   0   0   0   0   0   0   0   0   0   0   0   0   0   0   0   0   0   0   0   0   0   0   0   0   0   0   0   0   0   0   0   0
       0   0   0   0   0   0   0   0   0   0   0   0   0   0   0   0   0   0   0   0   0   0   0   0   0   0   0   0   0   0   0   0   0   0   0   0   0   0   0   0   0   0   0   0   0   0   0   0   0   0   0   0   0   0   0   0
       0   0   0   0   0   0   0   0   0  17 199 241 166  94   0   0   0   0   0   0   0   0   0   0   0   0   0   0   0   0   0   0   0   0   0   0 127 255 255 255 255 255 255 255 255 255 127   0   0   0   0   0   0   0   0   0
       0   0   0   0   0   0   0   0   0 131 254 254 254 253 147  22   0   0   0   0   0   0   0   0   0   0   0   0   0   0   0   0   0   0   0   0 127 127 255 255 255 255 255 255 255 127 127   0   0   0   0   0   0   0   0   0
       0   0   0   0   0   0   0   0   0 228 254 212 181 254 254 211  21   0   0   0   0   0   0   0   0   0   0   0   0   0   0   0   0   0   0   0 255 127   0   0   0   0   0   0   0 127 255   0   0   0   0   0   0   0   0   0
       0   0   0   0   0   0   0   0   0 180 254 179   3 100 239 254  88   0   0   0   0   0   0   0   0   0   0   0   0   0   0   0   0   0   0   0 255 255   0   0   0   0   0   0   0 255 255   0   0   0   0   0   0   0   0   0
       0   0   0   0   0   0   0   0   0  65 254 249  45   0 139 254 163   0   0   0   0   0   0   0   0   0   0   0   0   0   0   0   0   0   0   0 255 255   0   0   0   0   0   0   0 255 255   0   0   0   0   0   0   0   0   0
       0   0   0   0   0   0   0   0   0  10 225 254 170   9 109 254 163   0   0   0   0   0   0   0   0   0   0   0   0   0   0   0   0   0   0   0 255 255   0   0   0   0   0   0   0 255 255   0   0   0   0   0   0   0   0   0
       0   0   0   0   0   0   0   0   0   0 107 249 254 147 215 254  80   0   0   0   0   0   0   0   0   0   0   0   0   0   0   0   0   0   0   0 255 255   0   0   0   0   0   0   0 255 255   0   0   0   0   0   0   0   0   0
       0   0   0   0   0   0   0   0   0   0   0 169 254 254 254 212   0   0   0   0   0   0   0   0   0   0   0   0   0   0   0   0   0   0   0   0 255 255   0   0   0   0   0   0   0 255 255   0   0   0   0   0   0   0   0   0
       0   0   0   0   0   0   0   0   0   0   0 102 254 254 254 144   3   0   0   0   0   0   0   0   0   0   0   0   0   0   0   0   0   0   0   0 255 255   0   0   0   0   0   0   0 255 255   0   0   0   0   0   0   0   0   0
       0   0   0   0   0   0   0   0   0  19 163 241 254 254 255 254 176   3   0   0   0   0   0   0   0   0   0   0   0   0   0   0   0   0   0   0 255 127   0   0   0   0   0   0   0 127 255   0   0   0   0   0   0   0   0   0
       0   0   0   0   0   0   0   0   0 198 254 243  97   7 181 254 254 144  33   0   0   0   0   0   0   0   0   0   0   0   0   0   0   0   0   0 127 127 255 255 255 255 255 255 255 127 127   0   0   0   0   0   0   0   0   0
       0   0   0   0   0   0   0   0  60 253 202  23   0   0   4 130 254 254 197  40   0   0   0   0   0   0   0   0   0   0   0   0   0   0   0   0 127 127 255 255 255 255 255 255 255 127 127   0   0   0   0   0   0   0   0   0
       0   0   0   0   0   0   0   0  62 254 143   0   0   0   0   0 103 252 254 226  93   0   0   0   0   0   0   0   0   0   0   0   0   0   0   0 255 127   0   0   0   0   0   0   0 127 255   0   0   0   0   0   0   0   0   0
       0   0   0   0   0   0   0   0  28 240 249  57   0   0   0   0   0  81 226 254 249  87   0   0   0   0   0   0   0   0   0   0   0   0   0   0 255 255   0   0   0   0   0   0   0 255 255   0   0   0   0   0   0   0   0   0
       0   0   0   0   0   0   0   0   0 168 254 224  87   0   0   0   0   0  42 195 254 237 105   0   0   0   0   0   0   0   0   0   0   0   0   0 255 255   0   0   0   0   0   0   0 255 255   0   0   0   0   0   0   0   0   0
       0   0   0   0   0   0   0   0   0  10 213 254 249 137  22   0   0   0   0 140 254 254 240  30   0   0   0   0   0   0   0   0   0   0   0   0 255 255   0   0   0   0   0   0   0 255 255   0   0   0   0   0   0   0   0   0
       0   0   0   0   0   0   0   0   0   0  28 202 254 254 234 140   9   0   7 152 195 226 251  55   0   0   0   0   0   0   0   0   0   0   0   0 255 255   0   0   0   0   0   0   0 255 255   0   0   0   0   0   0   0   0   0
       0   0   0   0   0   0   0   0   0   0   0   9 171 250 254 254 214 192 207 254 191  76 104   0   0   0   0   0   0   0   0   0   0   0   0   0 255 255   0   0   0   0   0   0   0 255 255   0   0   0   0   0   0   0   0   0
       0   0   0   0   0   0   0   0   0   0   0   0   0  60 222 246 254 254 254 254 189  12   0   0   0   0   0   0   0   0   0   0   0   0   0   0 255 255   0   0   0   0   0   0   0 255 255   0   0   0   0   0   0   0   0   0
       0   0   0   0   0   0   0   0   0   0   0   0   0   0   0   0  80 164 249 255  93   0   0   0   0   0   0   0   0   0   0   0   0   0   0   0 255 127   0   0   0   0   0   0   0 127 255   0   0   0   0   0   0   0   0   0
       0   0   0   0   0   0   0   0   0   0   0   0   0   0   0   0   0   0   0   0   0   0   0   0   0   0   0   0   0   0   0   0   0   0   0   0 127 127 255 255 255 255 255 255 255 127 127   0   0   0   0   0   0   0   0   0
       0   0   0   0   0   0   0   0   0   0   0   0   0   0   0   0   0   0   0   0   0   0   0   0   0   0   0   0   0   0   0   0   0   0   0   0 127 255 255 255 255 255 255 255 255 255 127   0   0   0   0   0   0   0   0   0
       0   0   0   0   0   0   0   0   0   0   0   0   0   0   0   0   0   0   0   0   0   0   0   0   0   0   0   0   0   0   0   0   0   0   0   0   0   0   0   0   0   0   0   0   0   0   0   0   0   0   0   0   0   0   0   0
       0   0   0   0   0   0   0   0   0   0   0   0   0   0   0   0   0   0   0   0   0   0   0   0   0   0   0   0   0   0   0   0   0   0   0   0   0   0   0   0   0   0   0   0   0   0   0   0   0   0   0   0   0   0   0   0
       0   0   0   0   0   0   0   0   0   0   0   0   0   0   0   0   0   0   0   0   0   0   0   0   0   0   0   0   0   0   0   0   0   0   0   0   0   0   0   0   0   0   0   0   0   0   0   0   0   0   0   0   0   0   0   0
