       0   0   0   0   0   0   0   0   0   0   0   0   0   0   0   0   0   0   0   0   0   0   0   0   0   0   0   0   0   0   0   0   0   0   0   0   0   0   0   0   0   0   0   0   0   0   0   0   0   0   0   0   0   0   0   0
       0   0   0   0   0   0   0   0   0   0   0   0   0   0   0   0   0   0   0   0   0   0   0   0   0   0   0   0   0   0   0   0   0   0   0   0   0   0   0   0   0   0   0   0   0   0   0   0   0   0   0   0   0   0   0   0
       0   0   0   0   0   0   0   0   0   0   0   0   0   0   0   0  45 245 244  69   0   0   0   0   0   0   0   0   0   0   0   0   0   0   0   0   0   0   0   0   0   0   0   0   0   0   0   0   0   0   0   0   0   0   0   0
       0   0   0   0   0   0   0   0   0   0   0   0   0   0   0   0 120 253 253 244   0   0   0   0   0   0   0   0   0   0   0   0   0   0   0   0 127 255 255 255 255 255 255 255 255 255 127   0   0   0   0   0   0   0   0   0
       0   0   0   0   0   0   0   0   0   0   0   0   0   0   0  42 237 253 226  47   0   0   0   0   0   0   0   0   0   0   0   0   0   0   0   0   0 127 255 255 255 255 255 255 255 127 127   0   0   0   0   0   0   0   0   0
       0   0   0   0   0   0   0   0   0   0   0   0   0   0   0  93 255 254  71   0   0   0   0   0   0   0   0   0   0   0   0   0   0   0   0   0   0   0   0   0   0   0   0   0   0 127 255   0   0   0   0   0   0   0   0   0
       0   0   0   0   0   0   0   0   0   0   0   0   0   0   0  93 254 253  46   0   0   0   0   0   0   0   0   0   0   0   0   0   0   0   0   0   0   0   0   0   0   0   0   0   0 255 255   0   0   0   0   0   0   0   0   0
       0   0   0   0   0   0   0   0   0   0   0   0   0   0   0  93 254 253  46   0   0   0   0   0   0   0   0   0   0   0   0   0   0   0   0   0   0   0   0   0   0   0   0   0   0 255 255   0   0   0   0   0   0   0   0   0
       0   0   0   0   0   0   0   0   0   0   0   0   0   0   0  93 254 232  25   0   0   0   0   0   0   0   0   0   0   0   0   0   0   0   0   0   0   0   0   0   0   0   0   0   0 255 255   0   0   0   0   0   0   0   0   0
       0   0   0   0   0   0   0   0   0   0   0   0   0   0   0  93 254 207   0   0   0   0   0   0   0   0   0   0   0   0   0   0   0   0   0   0   0   0   0   0   0   0   0   0   0 255 255   0   0   0   0   0   0   0   0   0
       0   0   0   0   0   0   0   0   0   0   0   0   0   0   0 118 254 206   0   0   0   0   0   0   0   0   0   0   0   0   0   0   0   0   0   0   0   0   0   0   0   0   0   0   0 255 255   0   0   0   0   0   0   0   0   0
       0   0   0   0   0   0   0   0   0   0   0   0   0   0  13 221 254 206   0   0   0   0   0   0   0   0   0   0   0   0   0   0   0   0   0   0   0   0   0   0   0   0   0   0   0 255 255   0   0   0   0   0   0   0   0   0
       0   0   0   0   0   0   0   0   0   0   0   0   0   0  24 253 254 206   0   0   0   0   0   0   0   0   0   0   0   0   0   0   0   0   0   0   0   0   0   0   0   0   0   0   0 127 255   0   0   0   0   0   0   0   0   0
       0   0   0   0   0   0   0   0   0   0  43  93  93  42  24 254 254 207   0   0   0   0   0   0   0   0   0   0   0   0   0   0   0   0   0   0   0 127 255 255 255 255 255 255 255 127 127   0   0   0   0   0   0   0   0   0
       0   0   0   0   0   0   0   0   0  55 236 253 254 253 219 253 254 139   0   0   0   0   0   0   0   0   0   0   0   0   0   0   0   0   0   0 127 127 255 255 255 255 255 255 255 127 127   0   0   0   0   0   0   0   0   0
       0   0   0   0   0   0   0   0   0 222 253 253 254 253 253 253 254 139   0   0   0   0   0   0   0   0   0   0   0   0   0   0   0   0   0   0 255 127   0   0   0   0   0   0   0 127 255   0   0   0   0   0   0   0   0   0
       0   0   0   0   0   0   0   0  99 249 253 169 106 201 253 253 254 206   0   0   0   0   0   0   0   0   0   0   0   0   0   0   0   0   0   0 255 255   0   0   0   0   0   0   0 255 255   0   0   0   0   0   0   0   0   0
       0   0   0   0   0   0   0   0 195 254 237  19   0 172 254 254 254 207   0   0   0   0   0   0   0   0   0   0   0   0   0   0   0   0   0   0 255 255   0   0   0   0   0   0   0 255 255   0   0   0   0   0   0   0   0   0
       0   0   0   0   0   0   0   0 254 253 244  44 161 253 253 253 254 182   0   0   0   0   0   0   0   0   0   0   0   0   0   0   0   0   0   0 255 255   0   0   0   0   0   0   0 255 255   0   0   0   0   0   0   0   0   0
       0   0   0   0   0   0   0   0 187 253 253 236 245 253 253 186  83  19   0   0   0   0   0   0   0   0   0   0   0   0   0   0   0   0   0   0 255 255   0   0   0   0   0   0   0 255 255   0   0   0   0   0   0   0   0   0
       0   0   0   0   0   0   0   0  13 218 253 253 254 224 130  13   0   0   0   0   0   0   0   0   0   0   0   0   0   0   0   0   0   0   0   0 255 255   0   0   0   0   0   0   0 255 255   0   0   0   0   0   0   0   0   0
       0   0   0   0   0   0   0   0   0  13 153 220 104  32   0   0   0   0   0   0   0   0   0   0   0   0   0   0   0   0   0   0   0   0   0   0 255 255   0   0   0   0   0   0   0 255 255   0   0   0   0   0   0   0   0   0
       0   0   0   0   0   0   0   0   0   0   0   0   0   0   0   0   0   0   0   0   0   0   0   0   0   0   0   0   0   0   0   0   0   0   0   0 255 127   0   0   0   0   0   0   0 127 255   0   0   0   0   0   0   0   0   0
       0   0   0   0   0   0   0   0   0   0   0   0   0   0   0   0   0   0   0   0   0   0   0   0   0   0   0   0   0   0   0   0   0   0   0   0 127 127 255 255 255 255 255 255 255 127 127   0   0   0   0   0   0   0   0   0
       0   0   0   0   0   0   0   0   0   0   0   0   0   0   0   0   0   0   0   0   0   0   0   0   0   0   0   0   0   0   0   0   0   0   0   0 127 255 255 255 255 255 255 255 255 255 127   0   0   0   0   0   0   0   0   0
       0   0   0   0   0   0   0   0   0   0   0   0   0   0   0   0   0   0   0   0   0   0   0   0   0   0   0   0   0   0   0   0   0   0   0   0   0   0   0   0   0   0   0   0   0   0   0   0   0   0   0   0   0   0   0   0
       0   0   0   0   0   0   0   0   0   0   0   0   0   0   0   0   0   0   0   0   0   0   0   0   0   0   0   0   0   0   0   0   0   0   0   0   0   0   0   0   0   0   0   0   0   0   0   0   0   0   0   0   0   0   0   0
       0   0   0   0   0   0   0   0   0   0   0   0   0   0   0   0   0   0   0   0   0   0   0   0   0   0   0   0   0   0   0   0   0   0   0   0   0   0   0   0   0   0   0   0   0   0   0   0   0   0   0   0   0   0   0   0
