       0   0   0   0   0   0   0   0   0   0   0   0   0   0   0   0   0   0   0   0   0   0   0   0   0   0   0   0   0   0   0   0   0   0   0   0   0   0   0   0   0   0   0   0   0   0   0   0   0   0   0   0   0   0   0   0
       0   0   0   0   0   0   0   0   0   0   0   0   0   0   0   0   0   0   0   0   0   0   0   0   0   0   0   0   0   0   0   0   0   0   0   0   0   0   0   0   0   0   0   0   0   0   0   0   0   0   0   0   0   0   0   0
       0   0   0   0   0   0   0   0   0   0   0   0   0   0   0   0   0   0   0   0   0   0   0   0   0   0   0   0   0   0   0   0   0   0   0   0   0   0   0   0   0   0   0   0   0   0   0   0   0   0   0   0   0   0   0   0
       0   0   0   0   0   0   0  25 213 253 253 253 253 201  75   0   0   0   0   0   0   0   0   0   0   0   0   0   0   0   0   0   0   0   0   0 127 255 255 255 255 255 255 255 255 255 127   0   0   0   0   0   0   0   0   0
       0   0   0   0   0   0   3 166 253 253 253 235 250 253 253 139  21   0   0   0   0   0   0   0   0   0   0   0   0   0   0   0   0   0   0   0 127 127 255 255 255 255 255 255 255 127 127   0   0   0   0   0   0   0   0   0
       0   0   0   0   0   0 100 253 253 199  98  19  84 149 252 254 244 139  12   0   0   0   0   0   0   0   0   0   0   0   0   0   0   0   0   0 255 127   0   0   0   0   0   0   0 127 255   0   0   0   0   0   0   0   0   0
       0   0   0   0   0   0 145 253 253  72   0   0   0   0  82 209 253 253 196  48   0   0   0   0   0   0   0   0   0   0   0   0   0   0   0   0 255 255   0   0   0   0   0   0   0 255 255   0   0   0   0   0   0   0   0   0
       0   0   0   0   0   0 145 253 219  21   0   0   0   0   0   4 142 231 253 201  43   0   0   0   0   0   0   0   0   0   0   0   0   0   0   0 255 255   0   0   0   0   0   0   0 255 255   0   0   0   0   0   0   0   0   0
       0   0   0   0   0   0 145 253 218  21   0   0   0   0   0   0   0  66 253 253 151   0   0   0   0   0   0   0   0   0   0   0   0   0   0   0 255 255   0   0   0   0   0   0   0 255 255   0   0   0   0   0   0   0   0   0
       0   0   0   0   0   0 145 253 253  72   0   0   0   0   0   0   0   7  88 253 204  16   0   0   0   0   0   0   0   0   0   0   0   0   0   0 255 255   0   0   0   0   0   0   0 255 255   0   0   0   0   0   0   0   0   0
       0   0   0   0   0   0 145 253 253  72   0   0   0   0   0   0   0   0   7 192 253 183  14   0   0   0   0   0   0   0   0   0   0   0   0   0 255 255   0   0   0   0   0   0   0 255 255   0   0   0   0   0   0   0   0   0
       0   0   0   0   0   0  36 253 253  72   0   0   0   0   0   0   0   0   0  47 228 253  36   0   0   0   0   0   0   0   0   0   0   0   0   0 255 255   0   0   0   0   0   0   0 255 255   0   0   0   0   0   0   0   0   0
       0   0   0   0   0   0  13 209 254 217  29   0   0   0   0   0   0   0   0   0 137 254  36   0   0   0   0   0   0   0   0   0   0   0   0   0 255 127   0   0   0   0   0   0   0 127 255   0   0   0   0   0   0   0   0   0
       0   0   0   0   0   0   0  95 253 253 123   0   0   0   0   0   0   0   0   0  73 253 207  13   0   0   0   0   0   0   0   0   0   0   0   0 127 127   0   0   0   0   0   0   0 127 127   0   0   0   0   0   0   0   0   0
       0   0   0   0   0   0   0  34 246 253 222  39   0   0   0   0   0   0   0   0  73 253 253  35   0   0   0   0   0   0   0   0   0   0   0   0 127 127   0   0   0   0   0   0   0 127 127   0   0   0   0   0   0   0   0   0
       0   0   0   0   0   0   0   0 153 253 253 221  39   0   0   0   0   0   0   0  73 253 253 144   0   0   0   0   0   0   0   0   0   0   0   0 255 127   0   0   0   0   0   0   0 127 255   0   0   0   0   0   0   0   0   0
       0   0   0   0   0   0   0   0  17 206 253 253 221  39   0   0   0   0   0   0  60 244 253  64   0   0   0   0   0   0   0   0   0   0   0   0 255 255   0   0   0   0   0   0   0 255 255   0   0   0   0   0   0   0   0   0
       0   0   0   0   0   0   0   0   0  82 239 253 253 222  37   0   0   0   0   0  52 240 253  24   0   0   0   0   0   0   0   0   0   0   0   0 255 255   0   0   0   0   0   0   0 255 255   0   0   0   0   0   0   0   0   0
       0   0   0   0   0   0   0   0   0   0 160 253 253 253 224  69   0   0   0   0  73 253 253  24   0   0   0   0   0   0   0   0   0   0   0   0 255 255   0   0   0   0   0   0   0 255 255   0   0   0   0   0   0   0   0   0
       0   0   0   0   0   0   0   0   0   0  49 238 253 253 253 252 128   0   0  21 132 253 175   5   0   0   0   0   0   0   0   0   0   0   0   0 255 255   0   0   0   0   0   0   0 255 255   0   0   0   0   0   0   0   0   0
       0   0   0   0   0   0   0   0   0   0   0  71 240 253 253 254 250 217 217 226 253 253  53   0   0   0   0   0   0   0   0   0   0   0   0   0 255 255   0   0   0   0   0   0   0 255 255   0   0   0   0   0   0   0   0   0
       0   0   0   0   0   0   0   0   0   0   0   0  21 181 253 254 253 253 253 253 222 106   4   0   0   0   0   0   0   0   0   0   0   0   0   0 255 255   0   0   0   0   0   0   0 255 255   0   0   0   0   0   0   0   0   0
       0   0   0   0   0   0   0   0   0   0   0   0   0   6  71 140 254 254 231  47   9   0   0   0   0   0   0   0   0   0   0   0   0   0   0   0 255 127   0   0   0   0   0   0   0 127 255   0   0   0   0   0   0   0   0   0
       0   0   0   0   0   0   0   0   0   0   0   0   0   0   0   0   0   0   0   0   0   0   0   0   0   0   0   0   0   0   0   0   0   0   0   0 127 127 255 255 255 255 255 255 255 127 127   0   0   0   0   0   0   0   0   0
       0   0   0   0   0   0   0   0   0   0   0   0   0   0   0   0   0   0   0   0   0   0   0   0   0   0   0   0   0   0   0   0   0   0   0   0 127 255 255 255 255 255 255 255 255 255 127   0   0   0   0   0   0   0   0   0
       0   0   0   0   0   0   0   0   0   0   0   0   0   0   0   0   0   0   0   0   0   0   0   0   0   0   0   0   0   0   0   0   0   0   0   0   0   0   0   0   0   0   0   0   0   0   0   0   0   0   0   0   0   0   0   0
       0   0   0   0   0   0   0   0   0   0   0   0   0   0   0   0   0   0   0   0   0   0   0   0   0   0   0   0   0   0   0   0   0   0   0   0   0   0   0   0   0   0   0   0   0   0   0   0   0   0   0   0   0   0   0   0
       0   0   0   0   0   0   0   0   0   0   0   0   0   0   0   0   0   0   0   0   0   0   0   0   0   0   0   0   0   0   0   0   0   0   0   0   0   0   0   0   0   0   0   0   0   0   0   0   0   0   0   0   0   0   0   0
