       0   0   0   0   0   0   0   0   0   0   0   0   0   0   0   0   0   0   0   0   0   0   0   0   0   0   0   0   0   0   0   0   0   0   0   0   0   0   0   0   0   0   0   0   0   0   0   0   0   0   0   0   0   0   0   0
       0   0   0   0   0   0   0   0   0   0   0   0   0   0   0   0   0   0   0   0   0   0   0   0   0   0   0   0   0   0   0   0   0   0   0   0   0   0   0   0   0   0   0   0   0   0   0   0   0   0   0   0   0   0   0   0
       0   0   0   0   0   0   0   0   0   0   0   0   0   0   0   0   0   0   0   0   0   0   0   0   0   0   0   0   0   0   0   0   0   0   0   0   0   0   0   0   0   0   0   0   0   0   0   0   0   0   0   0   0   0   0   0
       0   0   0   0   0   0   0   0   0   0   0   0   0   0   0   0   0   0   0   0   0   0   0   0   0   0   0   0   0   0   0   0   0   0   0   0 127 255 255 255 255 255 255 255 255 255 127   0   0   0   0   0   0   0   0   0
       0   0   0   0   0   0   0   0   0   0   0   0   0   0   0   0   0   0   0   0   0   0   0   0   0   0   0   0   0   0   0   0   0   0   0   0 127 127 255 255 255 255 255 255 255 127 127   0   0   0   0   0   0   0   0   0
       0   0   0   0   0   0   0   0   0   0   0   0   0   0   0   0   0   0   0   0   0   0   0   0   0   0   0   0   0   0   0   0   0   0   0   0 255 127   0   0   0   0   0   0   0 127 255   0   0   0   0   0   0   0   0   0
       0   0   0   0   0   0   0   0   0  38 189 254 254 254 187 140  59   0   0   0   0   0   0   0   0   0   0   0   0   0   0   0   0   0   0   0 255 255   0   0   0   0   0   0   0 255 255   0   0   0   0   0   0   0   0   0
       0   0   0   0   0   0   0   0   0 165 254 201 250 252 226 232 253 221 111   0   0   0   0   0   0   0   0   0   0   0   0   0   0   0   0   0 255 255   0   0   0   0   0   0   0 255 255   0   0   0   0   0   0   0   0   0
       0   0   0   0   0   0   0   0   0 251 237  19 211 242  28  13  68 195 243 143   0   0   0   0   0   0   0   0   0   0   0   0   0   0   0   0 255 255   0   0   0   0   0   0   0 255 255   0   0   0   0   0   0   0   0   0
       0   0   0   0   0   0   0   0  56 253 172   0 186 254 113   0   0   4 157 254 106   0   0   0   0   0   0   0   0   0   0   0   0   0   0   0 255 255   0   0   0   0   0   0   0 255 255   0   0   0   0   0   0   0   0   0
       0   0   0   0   0   0   0   0  92 254 134   0 140 254 165   2   0   0   7 201 244  66   0   0   0   0   0   0   0   0   0   0   0   0   0   0 255 255   0   0   0   0   0   0   0 255 255   0   0   0   0   0   0   0   0   0
       0   0   0   0   0   0   0   0 125 254  66   0  16 192 254  83   0   0   0  31 193 201  20   0   0   0   0   0   0   0   0   0   0   0   0   0 255 255   0   0   0   0   0   0   0 255 255   0   0   0   0   0   0   0   0   0
       0   0   0   0   0   0   0   0 116 254  38   0   0  97 254 212  10   0   0   0 149 254 149   0   0   0   0   0   0   0   0   0   0   0   0   0 255 127   0   0   0   0   0   0   0 127 255   0   0   0   0   0   0   0   0   0
       0   0   0   0   0   0   0   0 109 254  45   0   0   4 148 254 172   6   0   0  13 228 160   0   0   0   0   0   0   0   0   0   0   0   0   0 127 127 255 255 255 255 255 255 255 127 127   0   0   0   0   0   0   0   0   0
       0   0   0   0   0   0   0   0  92 254 134   0   0   0  56 250 254 202  13   0   0 135 250   0   0   0   0   0   0   0   0   0   0   0   0   0 127 127 255 255 255 255 255 255 255 127 127   0   0   0   0   0   0   0   0   0
       0   0   0   0   0   0   0   0   6 251 152   0   0   0   0  96 254 254 135  10   0 135 254  86   0   0   0   0   0   0   0   0   0   0   0   0 255 127   0   0   0   0   0   0   0   0   0   0   0   0   0   0   0   0   0   0
       0   0   0   0   0   0   0   0   0 251 241  31   0   0   0  10  96 245 254 212  47 141 254  91   0   0   0   0   0   0   0   0   0   0   0   0 255 255   0   0   0   0   0   0   0   0   0   0   0   0   0   0   0   0   0   0
       0   0   0   0   0   0   0   0   0 251 254  72   0   0   0   0   0  25 242 254 254 254 253  64   0   0   0   0   0   0   0   0   0   0   0   0 255 255   0   0   0   0   0   0   0   0   0   0   0   0   0   0   0   0   0   0
       0   0   0   0   0   0   0   0   0 251 254  72   0   0   0   0   0   0  35 192 212 197  78   0   0   0   0   0   0   0   0   0   0   0   0   0 255 255   0   0   0   0   0   0   0   0   0   0   0   0   0   0   0   0   0   0
       0   0   0   0   0   0   0   0   0 174 254  75   0   0   0   0   0   0   0   0   0   0   0   0   0   0   0   0   0   0   0   0   0   0   0   0 255 255   0   0   0   0   0   0   0   0   0   0   0   0   0   0   0   0   0   0
       0   0   0   0   0   0   0   0   0  91 254 168   0   0   0   0   0   0   0   0   0   0   0   0   0   0   0   0   0   0   0   0   0   0   0   0 255 255   0   0   0   0   0   0   0   0   0   0   0   0   0   0   0   0   0   0
       0   0   0   0   0   0   0   0   0  58 254 246   8   0   0   0   0   0   0   0   0   0   0   0   0   0   0   0   0   0   0   0   0   0   0   0 255 255   0   0   0   0   0   0   0   0   0   0   0   0   0   0   0   0   0   0
       0   0   0   0   0   0   0   0   0  14 225 254  11   0   0   0   0   0   0   0   0   0   0   0   0   0   0   0   0   0   0   0   0   0   0   0 255 127   0   0   0   0   0   0   0   0   0   0   0   0   0   0   0   0   0   0
       0   0   0   0   0   0   0   0   0   0 192 254 106   0   0   0   0   0   0   0   0   0   0   0   0   0   0   0   0   0   0   0   0   0   0   0 127 127 255 255 255 255 255 255 255 127   0   0   0   0   0   0   0   0   0   0
       0   0   0   0   0   0   0   0   0   0  72 254 106   0   0   0   0   0   0   0   0   0   0   0   0   0   0   0   0   0   0   0   0   0   0   0 127 255 255 255 255 255 255 255 255 255 127   0   0   0   0   0   0   0   0   0
       0   0   0   0   0   0   0   0   0   0  16 228  70   0   0   0   0   0   0   0   0   0   0   0   0   0   0   0   0   0   0   0   0   0   0   0   0   0   0   0   0   0   0   0   0   0   0   0   0   0   0   0   0   0   0   0
       0   0   0   0   0   0   0   0   0   0   0   0   0   0   0   0   0   0   0   0   0   0   0   0   0   0   0   0   0   0   0   0   0   0   0   0   0   0   0   0   0   0   0   0   0   0   0   0   0   0   0   0   0   0   0   0
       0   0   0   0   0   0   0   0   0   0   0   0   0   0   0   0   0   0   0   0   0   0   0   0   0   0   0   0   0   0   0   0   0   0   0   0   0   0   0   0   0   0   0   0   0   0   0   0   0   0   0   0   0   0   0   0
