       0   0   0   0   0   0   0   0   0   0   0   0   0   0   0   0   0   0   0   0   0   0   0   0   0   0   0   0   0   0   0   0   0   0   0   0   0   0   0   0   0   0   0   0   0   0   0   0   0   0   0   0   0   0   0   0
       0   0   0   0   0   0   0   0   0   0   0   0   0   0   0   0   0   0   0   0   0   0   0   0   0   0   0   0   0   0   0   0   0   0   0   0   0   0   0   0   0   0   0   0   0   0   0   0   0   0   0   0   0   0   0   0
       0   0   0   0   0   0   0   0   0   0   0   0   0   0   0   0   0   0   0   0   0   0   0   0   0   0   0   0   0   0   0   0   0   0   0   0   0   0   0   0   0   0   0   0   0   0   0   0   0   0   0   0   0   0   0   0
       0   0   0   0   0   0   7  29 132 132 132 132  28  11  11   0   0   0   0   0   0   0   0   0   0   0   0   0   0   0   0   0   0   0   0   0 127 255 255 255 255 255 255 255 255 255 127   0   0   0   0   0   0   0   0   0
       0   0   0   0   0  18 207 253 253 253 253 253 253 253 253  82  10   0   0   0   0   0   0   0   0   0   0   0   0   0   0   0   0   0   0   0 127 127 255 255 255 255 255 255 255 127 127   0   0   0   0   0   0   0   0   0
       0   0   0   0   0 208 253 253 247 243 243 247 253 253 253 254 128  14   0   0   0   0   0   0   0   0   0   0   0   0   0   0   0   0   0   0 255 127   0   0   0   0   0   0   0 127 255   0   0   0   0   0   0   0   0   0
       0   0   0   0   0 232 253 253 125  62  61  70  86 137 206 254 253 119   0   0   0   0   0   0   0   0   0   0   0   0   0   0   0   0   0   0 255 255   0   0   0   0   0   0   0 255 255   0   0   0   0   0   0   0   0   0
       0   0   0   0   0  48 253 253 181  17   0   0   0   0   0 254 253 188   0   0   0   0   0   0   0   0   0   0   0   0   0   0   0   0   0   0 255 255   0   0   0   0   0   0   0 255 255   0   0   0   0   0   0   0   0   0
       0   0   0   0   0   3 171 253 253 181  52   0   0   0   0 254 253  96   0   0   0   0   0   0   0   0   0   0   0   0   0   0   0   0   0   0 255 255   0   0   0   0   0   0   0 255 255   0   0   0   0   0   0   0   0   0
       0   0   0   0   0   0  98 222 253 253 204  56   0   0 138 254 245  65   0   0   0   0   0   0   0   0   0   0   0   0   0   0   0   0   0   0 255 255   0   0   0   0   0   0   0 255 255   0   0   0   0   0   0   0   0   0
       0   0   0   0   0   0   0  41 222 253 253 241  77  94 252 254 126   0   0   0   0   0   0   0   0   0   0   0   0   0   0   0   0   0   0   0 255 255   0   0   0   0   0   0   0 255 255   0   0   0   0   0   0   0   0   0
       0   0   0   0   0   0   0   0  17 137 253 253 244 239 253 249  63   0   0   0   0   0   0   0   0   0   0   0   0   0   0   0   0   0   0   0 255 255   0   0   0   0   0   0   0 255 255   0   0   0   0   0   0   0   0   0
       0   0   0   0   0   0   0   0   0   3 139 254 254 254 254 185   0   0   0   0   0   0   0   0   0   0   0   0   0   0   0   0   0   0   0   0 255 127   0   0   0   0   0   0   0 127 255   0   0   0   0   0   0   0   0   0
       0   0   0   0   0   0   0   0   0   0  73 253 253 253 253 185   5   0   0   0   0   0   0   0   0   0   0   0   0   0   0   0   0   0   0   0 127 127 255 255 255 255 255 255 255 127 127   0   0   0   0   0   0   0   0   0
       0   0   0   0   0   0   0   0   0   6 147 253 253 253 253 254 120   0   0   0   0   0   0   0   0   0   0   0   0   0   0   0   0   0   0   0 127 127 255 255 255 255 255 255 255 127 127   0   0   0   0   0   0   0   0   0
       0   0   0   0   0   0   0   0   0 135 253 253 253 221 252 254 244  77   0   0   0   0   0   0   0   0   0   0   0   0   0   0   0   0   0   0 255 127   0   0   0   0   0   0   0 127 255   0   0   0   0   0   0   0   0   0
       0   0   0   0   0   0   0   0  10 195 253 253 166   8 139 254 253 241 145  14   0   0   0   0   0   0   0   0   0   0   0   0   0   0   0   0 255 255   0   0   0   0   0   0   0 255 255   0   0   0   0   0   0   0   0   0
       0   0   0   0   0   0   0   0  49 253 253 253  87   6   0 195 228 253 253 101   0   0   0   0   0   0   0   0   0   0   0   0   0   0   0   0 255 255   0   0   0   0   0   0   0 255 255   0   0   0   0   0   0   0   0   0
       0   0   0   0   0   0   0   0  49 253 253 253 253 198 134  72 176 253 253 239  80   0  62  72  38   0   0   0   0   0   0   0   0   0   0   0 255 255   0   0   0   0   0   0   0 255 255   0   0   0   0   0   0   0   0   0
       0   0   0   0   0   0   0   0  10 155 253 253 253 253 253 254 253 253 253 253 239 205 247 253 230   0   0   0   0   0   0   0   0   0   0   0 255 255   0   0   0   0   0   0   0 255 255   0   0   0   0   0   0   0   0   0
       0   0   0   0   0   0   0   0   0   9  72 157 240 253 253 254 253 253 253 253 253 253 253 253 253   0   0   0   0   0   0   0   0   0   0   0 255 255   0   0   0   0   0   0   0 255 255   0   0   0   0   0   0   0   0   0
       0   0   0   0   0   0   0   0   0   0   0   0  21  25  25 146 145 161 253 253 253 253 253 253 253   0   0   0   0   0   0   0   0   0   0   0 255 255   0   0   0   0   0   0   0 255 255   0   0   0   0   0   0   0   0   0
       0   0   0   0   0   0   0   0   0   0   0   0   0   0   0   0   0   2  36 133 133  76 133 133  76   0   0   0   0   0   0   0   0   0   0   0 255 127   0   0   0   0   0   0   0 127 255   0   0   0   0   0   0   0   0   0
       0   0   0   0   0   0   0   0   0   0   0   0   0   0   0   0   0   0   0   0   0   0   0   0   0   0   0   0   0   0   0   0   0   0   0   0 127 127 255 255 255 255 255 255 255 127 127   0   0   0   0   0   0   0   0   0
       0   0   0   0   0   0   0   0   0   0   0   0   0   0   0   0   0   0   0   0   0   0   0   0   0   0   0   0   0   0   0   0   0   0   0   0 127 255 255 255 255 255 255 255 255 255 127   0   0   0   0   0   0   0   0   0
       0   0   0   0   0   0   0   0   0   0   0   0   0   0   0   0   0   0   0   0   0   0   0   0   0   0   0   0   0   0   0   0   0   0   0   0   0   0   0   0   0   0   0   0   0   0   0   0   0   0   0   0   0   0   0   0
       0   0   0   0   0   0   0   0   0   0   0   0   0   0   0   0   0   0   0   0   0   0   0   0   0   0   0   0   0   0   0   0   0   0   0   0   0   0   0   0   0   0   0   0   0   0   0   0   0   0   0   0   0   0   0   0
       0   0   0   0   0   0   0   0   0   0   0   0   0   0   0   0   0   0   0   0   0   0   0   0   0   0   0   0   0   0   0   0   0   0   0   0   0   0   0   0   0   0   0   0   0   0   0   0   0   0   0   0   0   0   0   0
